0.480904109	0.055814361	0.647235229	-1.557671623	0.258531049	1
1.640276622	1.134443656	-0.301891095	0.504250335	1.11225973	1
-2.020374053	-0.356987079	-0.588751386	0.347391448	0.954973606	1
0.771151261	0.427230317	-0.469435865	0.124215471	-0.309085357	1
0.285112298	0.162337017	0.554151459	0.17730882	-0.1042841	1
-1.16963197	0.062292802	-0.7919621	-0.573694376	0.640056921	1
-0.387816495	-0.014991241	-0.977636613	0.648347292	0.10354858	1
0.306452639	2.323834664	0.785617221	-0.717627829	1.076542259	1
3.200615523	-0.140441537	-0.082138822	-0.584844609	-0.609934378	1
2.477059783	-0.875718769	0.4562432	0.806044825	0.421906304	1
-1.207375584	-1.221490436	-0.567585222	1.491741315	0.230927937	1
2.714518071	-0.202852157	0.475481103	-0.216288558	1.252998552	1
0.648821263	-0.187381675	-2.222418837	-0.481102171	-1.228452633	1
-0.056397993	-0.149924256	0.388413789	0.385331315	0.003653742	1
0.639285488	-0.016366017	1.695390809	1.075041737	0.075180143	1
-0.183327216	0.390605971	0.944638642	0.930489243	-2.067308188	1
-0.111038081	0.286076927	0.826218963	0.269362305	1.132333755	1
1.332426047	0.938766682	0.024868841	-0.504191788	2.536724166	1
1.260278761	1.74874543	0.482693866	0.715964505	-0.145987793	1
1.267575429	1.302958411	0.487779355	0.034007978	0.300129154	1
0.600605295	-0.884442823	0.040768314	1.314512448	-0.422171129	1
-1.080009136	-2.147665444	-1.084561808	-1.462236443	0.260104996	1
0.641517752	0.887539834	-0.146777676	0.188693018	-0.313347717	1
1.45812677	-1.115407528	-0.142739295	1.26993324	-0.101949979	1
0.437279882	0.163141113	-0.363317392	-0.446162579	1.445295369	1
0.925457562	0.259968867	0.857510029	-0.521782536	-0.744523546	1
0.650145828	1.958136767	2.528603561	-0.761147075	-0.447698855	1
-0.271405814	-0.123653769	-1.208236851	-0.299922265	-0.085446609	1
0.262846631	-0.343305273	0.098924752	-0.182713666	-0.127043424	1
-0.704167147	0.014074049	-1.339016663	0.071387365	1.273348738	1
0.794605209	0.39682551	1.271684848	-0.763948324	1.832963854	1
-1.025970694	-0.20002042	1.122548467	0.03427628	-0.874308697	1
-0.956026801	-0.729659994	-1.64334895	-0.666744605	-0.616538403	1
-0.724037643	-1.166695706	1.511107756	-0.395026367	0.441119322	1
-2.633447813	-0.403191205	-1.257009105	-0.965628522	-0.382464984	1
1.286526445	-0.76102418	0.236066857	-0.213142646	1.767672076	1
0.290859261	-0.759458807	0.91016724	3.389949282	1.485294645	1
-0.675228416	0.904453454	0.169331606	3.214536362	0.553031509	1
1.225632274	-0.031322484	2.140212105	1.183802808	0.53829961	1
-1.530826823	-0.495837695	2.224787629	0.683156356	-0.296399085	1
-0.091448424	0.702597848	0.194344384	-1.194348729	0.690269808	1
-0.215956799	-0.295946428	-1.737941786	-0.598790909	0.978754092	1
0.285507187	0.901277966	-0.190668343	-0.551050761	0.143935777	1
0.279829236	-0.208243771	-0.74559773	0.505491571	1.718293752	1
-0.773572115	0.623153939	-0.67739169	0.420710697	0.610531608	1
-0.026878696	0.500666089	-0.940031495	0.099683367	-0.092708492	1
-0.147472278	-0.20860632	0.030753481	-0.33494651	0.322610267	1
0.561438466	-0.557587867	1.848795704	-0.832192988	0.976055044	1
0.977846541	-0.596519163	-0.606556937	0.033996354	-0.371791798	1
0.9921642	0.030304612	-0.148664324	1.130843988	-0.061412177	1
-0.772474568	-0.546359496	0.892122682	0.362294957	2.115453568	1
0.069192075	-0.312185747	1.040973973	0.182956816	-0.420764231	1
-1.085939297	0.521474695	0.384253815	0.582362969	0.863632112	1
-0.99594534	-0.488997446	0.753295988	0.498030792	0.72579347	1
-0.006126225	0.92053186	0.874061554	-1.49426686	1.436919646	1
1.370826221	-0.085899286	-0.215011201	0.086836347	0.473120496	1
-0.688410121	0.612005027	0.382930477	-0.419468024	-2.192102752	1
0.332171308	-0.338008975	-0.271050933	-1.920150303	-0.790548956	1
-0.201768823	0.091919363	-0.802949081	-1.278470144	0.439592695	1
0.999393713	1.032482282	0.77540534	-0.21086314	0.265884152	1
-0.974088718	-0.577277298	-0.100741977	0.71245939	1.741481045	1
0.029120281	-0.346064918	-0.202268652	-0.227250222	1.244555551	1
0.494195191	1.738733945	0.50559799	0.32652163	0.498502374	1
0.984415706	1.012819397	1.083182028	-0.754813653	0.106182496	1
1.381185108	-0.002996357	0.479234168	-1.960132858	-1.393533684	1
0.076859142	0.542407534	0.241671773	0.110386006	1.683092652	1
-1.334118932	-0.623832528	0.046655207	-0.987955883	0.088618851	1
-0.663934947	0.40311896	0.027876911	1.084589282	-1.363830039	1
-0.949507568	0.90411712	-0.670461568	1.603696533	0.416450266	1
2.102312852	-0.768023675	0.807879997	-0.24485699	0.086038079	1
-0.550611062	0.691835097	1.270275992	1.135922631	-0.472610327	1
0.669100216	1.342726258	-0.252087563	0.969177791	0.485608198	1
-0.172104348	-0.004753483	1.684193424	-1.323714132	-0.632101644	1
0.794797327	1.606576501	0.106254586	0.053658296	-1.158966885	1
-0.684101954	-0.04574807	-0.286172863	0.204574768	-1.57297789	1
-1.254227495	-1.31095465	-1.06401567	0.377941706	-0.369763688	1
-1.272211703	-2.08650455	-1.06233377	0.503051814	-0.623895088	1
0.436653907	-0.159637894	-0.817455514	0.645832147	0.390723784	1
-0.158649163	0.535614711	0.358876535	0.652512253	-1.32086859	1
-0.17535557	0.212063403	1.417019578	-0.278758821	-0.172193763	1
1.269469591	0.650830755	0.662664662	0.454358333	-1.313206347	1
0.260800993	-0.400061024	0.732768974	-2.117674299	1.594232593	1
0.176927585	0.16032986	1.219721759	-1.074049196	-0.099867246	1
1.420081237	-0.966114239	-2.180823219	1.157853621	1.070541508	1
-0.719536226	-0.792688204	-0.308525089	-0.689213272	0.409571261	1
0.623079819	-0.504362144	0.313259885	0.33595986	0.808049353	1
0.746925562	0.605750216	0.77470665	1.495231057	-0.991775721	1
-0.217985448	-0.065912567	-1.180126507	-0.872799615	1.103021839	1
0.19290119	-0.883392263	-0.971083776	-0.934543818	1.259321051	1
-1.042762513	-0.268369861	0.566564658	-0.521323184	-1.868488753	1
-1.026760179	-0.81283308	-0.295392206	0.336849969	-0.182378211	1
0.093802798	-0.514059342	0.437819291	-0.195105733	-0.59395449	1
0.646003645	0.858200448	-0.686651895	-0.8793194	0.150357235	1
2.312533678	0.669575092	-1.142249879	-1.3638189	-0.755830382	1
-0.596485149	0.172049107	0.634273937	-0.369039251	0.253024243	1
0.167553962	0.7545678	1.156297013	-0.163835351	0.562136298	1
-0.073785257	0.126882085	1.447872895	-0.485687169	0.229241084	1
-1.728948259	0.011876049	-1.517066676	-0.364475879	-0.12957974	1
-0.392623264	0.452467587	-1.165346909	-1.064505702	-1.163211839	1
-1.605209555	0.542472485	-1.392456949	0.425448255	0.050673048	1
0.751654724	0.571564752	0.101455667	-2.001943833	-0.466533667	1
-0.794280041	0.940008382	-0.511109714	0.109735655	-1.126090789	1
0.089525752	0.040608981	1.173065226	0.656923364	-0.032414589	1
-0.487041481	-0.160353923	-1.349462443	-0.854400765	-0.213573906	1
0.271477252	1.439529163	-1.345459478	-0.023310026	0.198244785	1
-0.536948401	-0.545179821	0.066651007	0.234337798	0.873661129	1
0.438238306	0.107257834	1.107302249	-0.538670183	0.52396917	1
0.661306482	0.90694717	-0.540274623	0.037711076	1.189370912	1
1.531158981	0.503569407	-0.911621769	0.472270816	-0.635438434	1
-0.173629369	1.089286214	-0.022796556	-0.869533926	-0.754468419	1
-1.912603097	0.355584665	-1.587076335	0.671793974	-0.09103677	1
-0.750951005	0.047333731	-0.051438466	0.99581658	1.243862605	1
1.211586	-0.324104107	0.810172517	0.373913996	1.173076393	1
-0.958964843	0.21714379	0.12500591	-0.030433091	-0.11036288	1
0.85950327	-0.899828998	-1.706133667	-1.10408726	-0.57826932	1
0.110953514	0.224840163	-0.437145691	0.473567723	-1.352277169	1
1.285020525	0.973039332	-0.030716897	-1.057188307	0.620637271	1
-1.753882278	-0.266710861	1.401110375	1.425100806	0.031746928	1
-0.176826669	0.665011736	0.867106914	0.518613284	-1.024201719	1
-1.080329845	1.373712124	0.004252353	0.226678498	-0.266338362	1
2.601001454	1.395148518	1.566616605	-0.172594273	-1.576662811	1
0.738098218	0.39972028	-0.804910453	-2.022259021	0.37123271	1
1.233390033	0.825671553	-0.093488344	-1.045531821	-0.139980571	1
-0.946465196	0.106420962	1.167890233	0.314711493	1.469926818	1
-0.419142518	-1.164749605	1.15119055	2.249078598	-1.215233598	1
-0.243704048	-0.39664747	0.57537323	0.686224907	0.868013923	1
0.982460846	1.232990102	0.669835453	0.387744867	0.173902687	1
-0.248536212	-0.097272763	-0.552391062	-0.537365865	0.060286242	1
0.627477756	0.626434097	0.790006039	0.17752553	0.668010694	1
-1.83520029	-1.270266375	-1.053896247	0.763427581	1.024834175	1
-0.31649306	-0.027108204	0.47346764	-0.251179842	-0.958078796	1
-0.736638182	0.299811296	0.212494409	1.7616481	1.20267703	1
-1.410562683	-1.45032912	0.702486845	-1.257775043	-1.131600595	1
0.45434634	0.393824724	-0.286709539	-0.325900227	-0.953794755	1
0.252214214	-0.083553136	0.576018456	0.069906353	-0.596732709	1
0.029945317	-0.749990815	0.616339545	-1.857753725	0.626268896	1
-1.192877817	-0.328479678	-0.945439405	0.44796848	-0.973878763	1
1.008459751	-1.276734622	0.087541358	0.097591709	0.272599058	1
0.313209987	-1.637327222	1.250806661	0.071016026	0.338885692	1
-0.267492789	-1.015739122	-0.043690542	0.711574015	0.117142242	1
0.020473253	-0.793474294	-0.361954626	0.963729416	0.481899303	1
-0.234335841	-1.004312857	0.264597884	0.725384531	-1.065988771	1
-1.565437532	-1.78244374	-0.598972127	-0.582781471	0.837318034	1
-0.255493996	0.168503416	0.385960225	-0.047930331	0.10749775	1
-0.743596814	-1.471171209	-0.360183489	0.251741807	0.611035153	1
-0.875828745	-0.130095909	-0.115400446	-1.242394482	-0.899653422	1
-1.034317085	0.37597417	0.350585154	-1.022239178	0.044553224	1
-0.477227987	-0.121102289	1.142413549	-0.415969237	0.784991624	1
-1.791211856	-0.372736282	0.18354958	-0.03039488	0.890454643	1
0.862433014	-0.089271712	1.527361513	1.763065282	-0.043612381	1
0.465155896	-1.079082723	-1.869858304	0.724690761	-1.691506672	1
-0.017913455	-0.039806037	-0.402794745	-0.426954627	-0.989287801	1
-0.031100205	0.766867	0.293763585	-0.573507094	0.211873423	1
-0.713899213	1.222943064	-0.664594362	1.434044206	0.746764634	1
0.911139815	-0.119058407	-1.05218719	2.618470606	0.431775631	1
-0.119153336	-1.341777868	0.378269834	0.123945307	-0.578248576	1
-0.639095207	-0.025660166	0.476310678	-0.481526657	2.002365009	1
1.208716177	0.605534319	0.441477466	-1.249790624	0.077027911	1
-0.201041344	-0.23323365	0.302632942	0.9107775	0.778422426	1
-0.526843581	-1.057993596	-0.941025611	0.204836961	-0.407107677	1
-0.262741205	1.566383817	-0.283748229	1.124187107	-0.949072716	1
-0.758408288	-2.091910743	-0.408438481	-0.960299454	0.542665647	1
-1.00187321	-0.66162091	-0.779699599	0.144921232	0.901091428	1
2.259322809	-0.500697914	0.452362119	-0.502249091	1.625084764	1
1.480722062	-0.142682476	2.213278067	1.31716681	-0.438327768	1
0.275067809	0.325026959	-0.361627573	-0.504127072	-1.453888637	1
-1.124400843	-0.169802376	0.443679633	-0.141421828	1.43895603	1
-0.774098139	-0.766537471	-1.075782344	-0.406837278	0.199914816	1
-0.157896912	0.586966042	1.234731673	0.965780049	-0.97333292	1
0.707864045	0.678756035	-0.70890642	0.450466533	-0.480960175	1
-1.191380973	0.224089912	0.095496902	-1.00828982	-0.73170346	1
-2.083896536	-0.864129366	-0.846004523	-0.746665891	0.992064748	1
-1.296112021	0.521364831	0.387396706	-1.041406617	0.530090843	1
0.298301158	0.607254372	0.108770928	0.511885264	0.239878413	1
0.350037305	2.110146357	0.238314902	0.390006414	0.276572131	1
0.403994354	0.95838716	2.752069586	-1.460699721	-0.699012874	1
-0.116530136	0.903607522	-0.462972424	-1.79573747	0.888975506	1
0.164296522	0.083787027	-0.015906654	-0.027449817	0.312151883	1
-0.425884205	-1.145201055	2.194741684	0.641107921	-0.239800799	1
0.771015569	-0.106534246	-0.950136756	0.184692715	-0.170731762	1
-1.217936561	-0.915435515	0.265297436	-1.546719879	-0.132762146	1
0.406990808	-0.352938575	-0.951588833	-1.470193327	-0.822820983	1
-0.759108747	0.257789829	0.866316488	0.799161441	0.681284394	1
-0.299531984	-0.523771822	0.199816102	-0.164076144	1.229968589	1
0.494424455	-0.598057167	0.554049106	-0.345511801	2.199832162	1
0.929390934	-0.097662826	-0.168005514	1.291536213	0.463354267	1
-0.999646428	-0.379622665	0.076464661	-0.816717866	-0.756831712	1
1.127567428	0.611907825	1.47855113	0.227152488	0.215149867	1
0.590449975	-0.620427201	-2.022642265	0.381518081	-0.927082195	1
-0.060700796	0.240654326	-1.419484799	0.757557818	-0.546887718	1
-0.174611148	0.019249013	0.352092236	-0.812507291	-0.594386173	1
-0.194633037	1.019095426	-0.478975096	0.346150172	-0.720274897	1
-0.271107698	-0.239640465	-0.315252959	2.576442877	0.353376681	1
0.020612633	-0.103266991	-1.330998189	-1.453852582	-1.025276574	1
0.045875489	-0.93290838	-0.901769026	0.376259135	0.568804593	1
0.738853021	-0.932121225	-0.393208241	-0.206782263	0.684985902	1
1.365769469	0.591782177	-0.440926744	-0.700543704	0.938117403	1
0.417620967	-0.096739273	-0.735698986	-0.77846362	-0.032805253	1
-0.187573312	0.359238114	-0.348874665	0.464961502	0.563353957	1
0.559187255	-0.579889818	-0.845066701	2.195229247	1.613917375	1
0.163883446	1.579662694	1.382269514	-0.682003259	0.093704675	1
-0.921052091	-0.131717482	-0.976076852	0.444071309	-0.170404673	1
0.849009816	1.056397661	1.807903119	-0.429304565	1.626628792	1
0.27464453	-0.114287781	-0.317227694	1.878463361	-2.228872876	1
0.120904144	-0.100787218	-1.281197902	0.500358261	-0.416220366	1
0.460850333	0.671550209	-0.424201588	-0.094996439	2.187527247	1
0.233808924	0.506517665	0.9056442	0.625929809	-0.393609288	1
-0.842090473	-1.113701075	0.722407233	-0.068196433	-0.527782036	1
-0.145199229	-1.27199642	-0.019326088	1.007963582	-1.120044617	1
-0.130635236	-0.917788102	0.135177573	-0.2038717	0.683910867	1
-0.475845441	-1.260394303	0.367368999	-1.113696558	-1.928593186	1
1.504519193	0.424157142	-1.09403092	0.309243418	-0.703406304	1
-0.783276139	-0.527380131	-0.649538551	1.412208953	0.498243675	1
-0.432737336	-0.404884072	-1.703474905	-1.192194176	-0.039771668	1
-0.636836229	-1.256452611	-0.602553175	-0.304739574	0.514616581	1
-1.050247437	0.365945495	0.778995537	0.915162482	0.133415894	1
-0.171944252	0.311278501	0.652541913	-1.809441342	0.603711406	1
-0.245135866	-0.133539923	1.980081259	0.60524918	-1.132711955	1
1.368538461	1.165436347	0.413204594	0.822737834	0.242515947	1
-0.222734501	-0.760308397	-2.012296513	0.140547126	-1.436748153	1
-0.951861414	0.096376712	1.410528337	-0.757208804	0.703090342	1
1.434175807	0.639466228	1.343327834	0.107489437	-0.242449761	1
1.104330601	0.557660563	-0.343653914	0.157076099	0.603676498	1
-0.205384142	-0.639283979	0.102950301	0.859688991	-0.488505294	1
-1.347150193	-0.073280516	0.54989443	0.561405853	0.29618066	1
-0.397687209	-0.514532646	0.241904458	-0.362480589	0.925884435	1
-0.139477903	-0.757607468	0.51373197	1.514606855	-1.770705875	1
0.246922953	-0.908375088	-0.180543948	-0.060307124	-1.693833293	1
-0.233591866	0.778315752	0.033082113	-0.761963065	-1.626395419	1
0.396608616	-0.582869874	0.048621434	-0.407452164	0.741843194	1
0.350520837	-0.051777389	-0.669159636	0.82049777	0.364831867	1
-1.118641221	-1.254106745	1.003528636	0.107573779	-0.655555241	1
-0.847882025	-0.451521791	-0.128037932	0.782121434	1.331431674	1
-0.662865442	-2.771468537	0.222312975	-0.03692724	0.050628959	1
-0.454205825	-0.989886003	-0.912389513	2.290910177	-1.431307713	1
-0.28673145	-1.22171246	-1.117456631	-1.64002768	-0.969363705	1
0.01115265	-0.815088194	-0.173256923	-0.416287842	-1.264858431	1
-2.709378581	-0.849286149	-0.581588584	-0.257060103	0.812473489	1
-0.408766321	-0.364495347	0.973097423	0.067766227	-0.539638492	1
1.111279638	1.845443526	0.854654528	1.498240215	-0.973427623	1
-0.954086736	-0.69949999	0.304565557	0.142898368	-0.53411828	1
0.835151858	0.007205497	-1.194057238	-0.081190282	-0.754855893	1
0.313336629	-1.186888424	-0.960831805	0.037602423	0.725676389	1
-0.025943544	-0.391364094	0.130662907	0.702136885	0.424582361	1
0.16319018	-1.037913719	-0.411078088	-0.676142541	0.23421217	1
-1.399828654	-0.32552931	0.966371834	0.357098591	0.368900015	1
-0.075614409	0.668876938	1.253506058	-1.449979187	0.051668876	1
1.434613229	0.68457287	-0.295634335	0.016122408	-0.826741936	1
0.087964924	-0.542866843	0.718146638	-0.889664959	0.468014288	1
0.037005685	-1.305334286	1.084458818	-0.63259033	-0.764457107	1
-0.656660817	1.012935057	0.337013374	0.262384879	-0.929739072	1
-0.027560638	1.645907131	1.619934021	-1.000749811	-0.914178007	1
0.207817486	0.149105061	0.974808296	-0.90652821	0.781512113	1
0.381372625	-0.702741032	0.144537654	-1.429857636	0.847891261	1
-0.333450276	0.882311666	0.843541314	-2.092901684	-1.564615755	1
-0.211491409	-0.530687571	0.089999689	-0.16694281	-0.147833771	1
1.810044155	0.073738621	-0.183600701	1.198176823	0.245314097	1
-2.019933198	0.209636988	0.146312474	-0.274479064	-0.550658967	1
1.994076837	-0.618280698	0.1523654	-0.126438525	0.673285036	1
0.301926153	-1.502103935	-0.466083573	-1.019385417	0.176250289	1
0.89448159	0.56278644	1.713909549	1.587493945	-0.088093876	1
-1.488473957	-0.049033186	0.046498314	-0.317507818	-0.508871522	1
-0.527742958	-0.05522968	2.352502777	1.230412681	0.633586784	1
-0.248708149	0.338262721	-0.246256578	0.333984059	0.768062123	1
0.378088408	0.967052365	0.645941202	-0.194407383	0.44964186	1
-1.493872919	0.40893179	1.300241326	0.973192558	-0.189844603	1
0.421842566	-0.352934801	2.408445825	0.980364753	0.846254496	1
-1.084803514	0.381819484	0.207650405	-0.151687023	-0.805463473	1
0.059202179	0.154477041	-0.673904182	1.223823503	0.139655146	1
0.583484845	-0.261710238	0.734908195	1.72251232	1.2674179	1
0.292531328	-0.888941054	-1.239286085	-0.087280472	-0.202515151	1
0.968336844	0.763688858	-0.060447817	-0.171127011	-0.732718737	1
0.899862724	-0.060133973	0.319515431	0.43524741	1.746867218	1
-0.582189578	-0.108110682	1.24611057	0.317426246	-0.212389409	1
0.229918017	-0.58181521	1.223284864	0.7807259	0.398944499	1
-0.844677189	-1.461234031	-0.274146443	-0.328779934	-0.765239875	1
-1.182243594	-0.157223556	0.683571826	0.619107985	0.259768787	1
0.827189462	0.156699201	-0.185919109	1.038779456	0.433810982	1
4.45864E-05	0.966698326	0.695004061	0.20290079	0.036797984	1
-0.049120971	0.634074243	1.758729444	0.184916289	0.324349683	1
0.814937001	1.052935551	0.33819579	-1.111579515	1.099498692	1
0.531811826	-0.470810783	-0.268418787	-1.097293832	-1.278102285	1
0.313229452	-0.676583193	-0.489241071	-1.390930125	0.149965575	1
1.118258694	-0.743605793	0.654026397	-1.12609058	-1.79982877	1
0.831628974	0.609392057	1.330466328	-0.066269772	0.055359543	1
0.214450777	2.302241787	2.162224161	-1.4266288	1.790322831	1
-0.617477742	0.432217894	0.038195062	2.104252361	0.870759168	1
-0.582767294	-0.768956028	-0.000878129	0.648836066	-0.022137969	1
1.066248327	0.941077779	-0.347268228	-1.881034451	-0.294955001	1
-1.441664927	-1.27010521	1.137446708	-1.186173248	0.431323114	1
-0.021879421	-1.153914358	-0.20183296	-0.134767786	0.912116701	1
-1.743101906	0.14264501	-0.568789391	-1.721231638	-0.012573435	1
0.912761172	-0.398977188	1.969371544	-0.366182915	1.450524258	1
0.770742492	0.447441584	0.840476116	1.098637302	-0.696570829	1
0.001039399	1.134244731	0.763163054	-0.115027071	-1.751539671	1
-0.06335873	0.307557338	-0.858044061	-0.072275512	-0.669272417	1
-2.223799943	0.193566097	0.19151063	-1.061239845	-0.191801634	1
0.519816328	-1.164685045	0.374634083	-0.521493898	-0.362809927	1
-1.960973407	0.043104219	-1.147512052	-1.402228528	-0.788610839	1
-2.07442737	1.205508794	-0.25963571	0.258561674	1.217660743	1
0.071494884	0.454154264	-0.298075699	-0.417269564	-1.439661838	1
-0.848347182	-1.454381695	0.216462575	0.662155255	-0.472432379	1
0.368048401	-0.071766857	-0.861559015	1.176491686	-0.862552879	1
0.605507357	-0.251708009	0.990269375	1.061243321	-0.408820434	1
0.767179311	0.500598579	1.706720902	0.047003933	-0.564366608	1
-0.618191515	0.177645663	-0.307014147	-0.510852053	0.421886664	1
0.401935565	0.427402437	0.080288342	-1.12496286	-0.928341056	1
0.090009205	-0.270787117	0.424526929	0.116655364	-0.735485139	1
0.738859468	-0.298433698	1.098506605	0.957491482	0.104737273	1
0.479553471	-0.355453474	0.465789497	-0.298643123	0.963102499	1
0.803095823	0.888920576	0.530190664	-0.090081032	-1.627989085	1
-0.118008817	-1.523445072	-0.613220607	0.529432458	1.569353886	1
-0.131660985	-0.200048397	-0.240043725	0.802060519	-0.785156276	1
0.901379936	0.44333086	0.679151026	-1.271023961	0.587721052	1
-1.89945519	-1.001144612	1.186997036	0.078777002	0.915106322	1
-0.451315801	0.271923987	0.489600274	0.175094624	1.193735762	1
-1.136454225	-0.341613296	-1.213039446	-0.231683331	-0.488882701	1
-0.34219425	-0.842031246	0.252124839	0.809194687	0.00869767	1
0.58019637	0.275144533	0.006236915	-0.306235866	-0.138491937	1
0.738552815	-0.031577748	-0.148012893	-0.745052544	-0.547601517	1
-0.907793191	-0.557398191	-0.345041933	0.192750574	0.223562609	1
-0.421337739	-0.678821138	-0.895252777	0.381818998	0.297490623	1
0.122558773	0.080178626	-0.262081192	-0.201182556	-0.316577666	1
-0.261050539	-1.553659609	-0.896633661	0.68686926	0.076416059	1
0.269954723	-0.253657747	-0.325398699	-1.433726234	2.368046779	1
0.35770911	-0.348795228	0.097643435	-1.005498841	-0.023191427	1
-0.831782905	-0.943141804	-0.034944463	-2.977859817	0.577593281	1
-0.158161798	0.486681978	-0.149373912	0.495028246	-0.398122339	1
-1.907003383	-1.06873926	-0.441364859	-1.075349302	-0.522083983	1
1.024442657	0.691982996	0.208078909	-0.163421815	-0.286694236	1
-0.562675882	0.646079103	0.424888546	0.947570173	0.531749688	1
-1.076756151	-0.395662009	0.981880974	-0.005373713	-0.723201916	1
-0.22713503	0.167185216	0.544694185	-0.416878102	-1.652733682	1
-1.277820602	0.196140183	-0.353231971	-0.873032774	0.035408903	1
-0.01865562	-0.069950468	0.51789737	-0.222532008	-0.389825872	1
-0.501474018	0.310694946	-0.229057376	0.547923271	0.259535562	1
1.947864493	-0.530946197	-1.445509176	-1.364760258	0.044902201	1
1.018274398	1.149820921	-1.840909042	-0.00816018	0.670135994	1
-2.233283181	-1.356131733	-1.883502098	0.556848278	0.750095047	1
0.394734808	-1.375770966	-0.330057703	-1.363168831	-1.234919122	1
-1.250532533	0.803585252	-0.574355928	0.577340604	-1.34707478	1
-0.228128288	-0.10760403	-0.669909078	0.621623001	0.445829115	1
0.147047473	0.398693646	0.096023168	-0.815636754	0.277608192	1
0.668793647	-0.125669932	-0.531759304	-1.399152232	-0.858161643	1
-0.244220616	-0.883875791	-0.681912191	0.364252271	1.080266564	1
1.409885712	-2.125051138	0.428375651	0.794688479	-0.007401164	1
-0.430163266	0.397381454	0.694918152	0.545184294	0.130038405	1
0.292935746	-0.157898523	2.160288621	0.766657272	0.268020523	1
0.594556272	-0.01046387	0.322842885	-1.08221517	0.668697256	1
0.076194994	0.346058254	0.09872483	0.56706587	1.378550591	1
0.787948125	-0.947328281	-0.540229068	-0.538284261	-0.264940645	1
0.289090619	-0.515824897	-0.20400044	-0.531802304	-1.566181795	1
-0.701361668	0.749664861	-0.025533825	-1.492558711	0.907334904	1
-1.614775015	0.078320123	-1.695741059	0.93027491	-0.839776473	1
1.66237607	-0.617407958	-0.138519448	0.238392459	1.104499354	1
-0.540708149	-1.911505458	0.388938169	0.878456211	-0.566545366	1
0.092447746	-0.43744157	-0.545297228	1.416252169	1.331856598	1
0.503711838	0.298457436	0.519043355	-1.033919423	-0.716418267	1
0.101604243	0.785169634	0.975334737	0.648724962	-0.95941232	1
-0.809211725	-0.126739025	0.858167949	-0.046303475	0.855532091	1
-0.41833664	-1.009420797	0.528884142	0.825342052	-1.233750347	1
-0.111704965	0.218906083	-1.979842669	1.018271837	0.606765243	1
1.322820689	-0.614461415	-0.441780286	0.82646201	0.385832965	1
-0.76993696	-0.967240252	0.609949528	-0.83102416	-0.159292894	1
0.701828813	-0.351600817	0.375224294	-0.084822213	-0.308917647	1
0.276040928	-0.922158615	-0.075576382	0.240693943	1.818967689	1
-0.209170781	-0.270751767	0.334237404	2.97700852	-0.310634753	1
-0.945385164	-0.961909231	0.795422778	1.09762996	-0.181371819	1
-0.254143396	-0.293863377	0.077361978	2.176887512	-0.825866556	1
-0.077538146	-0.392200704	-0.722215135	0.367434715	-0.740184302	1
-1.314266909	-0.65894613	-0.36140207	0.107108112	-0.546490331	1
0.171893025	-0.362992851	-0.208734622	0.577532103	1.523673238	1
-0.735481465	0.810445554	0.814191567	-0.506920348	-0.329531958	1
-0.084291344	0.470970961	0.410108735	1.18887455	-0.590044578	1
0.300718354	0.122805083	0.526283546	-0.121872898	-0.392963806	1
-0.809147189	-1.384977062	-0.107139892	-1.380827139	0.585061311	1
-0.257824327	-1.37522058	-0.503179053	0.768196963	-1.209459196	1
0.313105649	-1.505757626	-0.089676377	-1.507184361	0.507803936	1
-1.642042336	1.689865379	0.228343328	-1.789139387	-1.169667168	1
0.926605022	1.015604891	-1.027592822	0.333470449	-0.092272384	1
2.168503972	0.749310674	0.452826069	-0.75673352	-1.608062051	1
0.858113903	-0.570929294	0.835248539	-0.817368548	0.467307468	1
-0.282435058	-0.99483728	-0.239180653	-0.197315892	0.588670419	1
0.38337178	0.537364029	1.48654289	-0.406091105	-0.590552761	1
-0.926612955	1.03015781	0.524412602	-0.227397367	0.308509285	1
1.679613929	-0.945313823	-0.31853695	0.320196046	0.129146341	1
0.841391597	-0.151967835	-0.072491999	-1.065453694	1.024988166	1
0.704223474	0.108097427	-0.162682405	-1.120447451	0.108271782	1
-0.783405756	-1.801850907	-0.070439098	-2.076557519	0.858575797	1
0.286171206	0.749776741	0.780056967	-0.323262493	-0.080430362	1
-0.499353589	-0.459147104	-0.358610366	0.584780346	-0.590878142	1
-0.27855094	1.472011743	0.547652177	-0.634637929	0.001035074	1
-0.509832369	-0.442610725	1.44898909	0.457585591	-0.175008226	1
-0.917444037	0.100532132	0.745445595	0.475434258	0.797766146	1
-0.812806763	-1.124256726	0.520438101	0.873308392	-0.069645044	1
-0.187737883	-0.550715752	-0.800681562	0.900509455	-0.765003499	1
-1.519510231	-1.322132043	-0.770107716	-0.779559543	-0.193273839	1
0.543454476	0.452367929	0.31850886	-0.765450701	1.071816418	1
-0.105361993	1.023236065	0.019110648	0.06614534	-0.34430937	1
0.625348013	-0.322272286	-1.411197643	-0.624813937	-0.612456436	1
0.241181077	0.412112357	-1.265770756	1.379715905	0.894144869	1
0.442103782	-0.296104086	0.913979462	1.336614156	0.105733719	1
-1.32654377	-0.249314072	-0.825383931	-0.000704939	-0.343526606	1
-0.912552209	0.736309967	1.831399702	-0.407800684	-0.634083162	1
-0.399804492	-0.002976016	-1.99973954	0.431665789	-1.337581979	1
0.098081626	-0.811409465	0.311850813	-0.631700076	0.11315704	1
1.009572574	-0.438625579	0.047016203	-0.073850217	-0.290560077	1
-0.259350828	-0.201794749	-0.715619877	-0.532137882	0.267487884	1
1.128365265	0.127563409	0.480041315	0.171694754	-1.288161934	1
0.425232879	-0.591734317	-0.72798237	1.065432607	1.172696208	1
1.050161948	0.408196568	0.906854823	0.783883719	0.466076179	1
0.113544909	1.049494129	0.191026846	1.118117584	-1.360530176	1
-0.587474026	-0.34936766	-1.543595979	-0.929913625	0.911221404	1
-1.32500361	-0.49618055	-2.324552413	0.050733258	-0.563126256	1
0.139073586	-1.740155308	-0.437901018	-0.973795316	0.212834075	1
0.732134601	-0.441398778	1.030666893	0.408491607	0.200859216	1
-0.26169878	-1.188716964	-0.002437	0.264145088	-0.814226802	1
-0.483694075	-0.43231585	-0.048514591	1.189314218	-2.560091356	1
-0.276057632	0.354726854	0.621344167	1.043929237	0.502217182	1
-0.980822866	0.982893235	-1.210612579	0.571642687	-0.289535283	1
-0.440961384	1.339752237	1.37010415	-0.447724726	-0.494792681	1
-0.161658195	-0.134649657	-0.819924411	-0.475141974	0.358712556	1
0.041001531	-0.247900036	0.008666806	-1.946083949	-0.641808863	1
-0.057049357	0.64484036	-0.251938975	-0.415059845	0.610144224	1
0.54679482	0.531877677	0.245933903	-1.421704449	0.139096065	1
0.097776718	0.641409389	-1.632670807	0.87713382	-0.874603842	1
1.622504744	1.033094812	1.620085016	0.992416056	0.805320238	1
0.279082596	-1.123689536	0.378868193	0.123481848	0.40102266	1
1.613988295	0.839152426	2.025822917	-0.218915839	1.163167283	1
-0.646779514	-0.235495997	1.160880934	0.111858056	-0.795953139	1
0.470957988	-0.495195565	-0.001721581	1.532563848	-0.795990499	1
-0.232775447	-0.617388385	-0.922351632	1.235112543	0.267534887	1
0.536783778	1.167340214	-1.348319039	-0.386286606	0.613429659	1
0.531227853	-0.520024369	0.006054056	0.175284872	0.731106417	1
-1.955237171	-1.485964127	-0.166048119	-1.206901764	-0.054214613	1
-1.186943477	-0.123650121	0.79456383	0.323746456	-0.209365234	1
-1.288881744	1.29891559	-0.813319753	0.650115346	0.610784488	1
0.359420645	0.110457804	0.748731503	0.885648971	1.775795468	1
1.314988002	0.577305952	0.256091801	-1.359765045	0.800266377	1
-0.292311533	-0.829516968	-0.806616557	0.428801611	0.050348896	1
0.726563783	1.531436999	0.929781501	-0.726104436	-0.47033157	1
0.487945902	0.222755163	0.307066689	-0.319741054	0.454120705	1
-0.940608533	0.192229163	-0.275748786	0.695597026	-0.42751295	1
0.355505289	-0.678705619	1.612623845	0.308816092	0.214042015	1
-0.672515099	0.520422558	0.53305139	-0.17040928	0.709019491	1
1.356190341	0.652786907	0.108405292	0.66613223	0.856511659	1
-0.029128371	-0.939279963	0.133683229	1.524143326	0.517660451	1
1.463282578	0.397860159	0.263427177	-0.496782182	1.245911329	1
-0.380183872	-0.458330176	0.0637594	-1.309364804	1.629238774	1
0.52720523	0.219879814	0.476368006	-1.058934159	-1.694922783	1
-0.05616218	-0.216042704	-0.562946521	-0.910913081	-1.609690208	1
-1.808495046	-0.60522737	-0.947119317	-0.763177784	-0.863901155	1
-0.878445142	-1.052372784	0.112387298	0.473410418	-1.8114612	1
0.54784676	-0.12368459	1.702042298	-1.922303161	-0.324438058	1
-0.049091647	0.605720795	-0.205606692	0.232876989	-0.28486803	1
-1.000624322	1.156444405	-0.856529776	-0.775056301	0.234284669	1
-0.560249997	-1.075703576	-0.388511639	0.977570537	0.232043537	1
0.223175452	1.972524576	-0.178095846	-0.750837438	-0.57069623	1
-0.888183201	1.008317588	-0.257946835	-0.019582701	-0.707517137	1
0.872021991	0.353860588	0.544333708	-0.823125902	0.718778965	1
-0.573068004	-0.386107469	-0.21438581	-0.689310438	-0.362494122	1
1.617895913	-0.158799103	-0.387286267	-0.168218994	-1.22776747	1
-0.965861737	0.429935668	-0.43489769	-0.264787777	0.009706047	1
0.178160455	-0.515468546	-1.209508641	-0.518358265	0.154680184	1
-1.360447515	-0.712493853	-0.971569952	0.961692291	-0.390557499	1
-0.647235355	0.550586072	-1.245710487	0.480758434	0.598660408	1
-0.530619213	0.218814633	-0.481142458	1.725694845	0.217996169	1
0.358966135	0.812722371	-0.82933197	-0.235039972	-0.177186681	1
0.842669658	0.617595385	-0.471796509	1.063994448	-0.013354	1
0.26876282	-0.256022899	-0.269915481	-1.983248114	0.382458502	1
-0.333684541	-0.497698647	-1.148927703	0.556482411	-0.413176295	1
0.729395096	0.824400856	0.148169682	0.414279496	-0.913426354	1
0.714546248	-0.362494248	0.327264829	-0.319618283	-0.145614676	1
0.107514873	0.983593824	-0.726243555	0.677955042	0.141680643	1
0.510939413	0.765219162	1.120485174	0.894748128	0.495641223	1
0.369215976	0.324272479	-1.326856306	0.986745262	-0.018556537	1
-0.882765545	-0.21809041	-0.455813225	0.33710272	-0.418939591	1
0.679378564	0.464614641	-1.191334914	0.599690237	0.543825647	1
-0.587818712	2.696343879	-0.049545696	-0.602857467	-0.041188782	1
-0.540161111	-0.225689613	-1.246365396	-1.090596041	0.692017468	1
0.158266049	-1.215399639	-0.632325371	-0.284887624	-0.11896649	1
-0.275039465	1.475244966	-0.509915963	0.191139571	0.028591518	1
-0.117903708	0.46219768	-1.003797338	0.890369391	-0.070556759	1
0.532504092	-0.389237027	-1.815995313	-0.756607243	-0.8541048	1
0.936315707	2.344241794	0.859197853	-0.340542494	-0.760432352	1
-0.177059584	0.399925534	1.794291152	2.843392118	-0.80668644	1
0.29308426	0.310465658	2.026141118	-0.535140094	1.616878482	1
-0.213143345	-0.680403555	-0.533360502	1.781189339	-0.184418274	1
0.205357704	-0.807234666	-0.113995158	0.899020634	0.828777781	1
0.39354609	-1.327354451	-0.526347575	-0.548047771	0.269945638	1
-0.55174166	-0.478904046	-0.041284916	-0.14352925	1.645732511	1
0.245821495	-0.787582948	-0.878073256	-0.223399049	0.800020618	1
0.537642002	0.656647475	-1.566509245	0.470397954	-1.086377564	1
0.082562742	-0.235439347	-0.051389251	1.290623688	-0.28599851	1
1.547217177	1.813010893	-0.723236697	-1.431682716	0.830309328	1
-0.544310326	1.081792881	-1.606456572	1.889331109	0.287934109	1
-0.659246301	-0.03258223	2.028179468	0.730243865	2.045773338	1
-1.565139633	-0.619256303	-0.427879714	-0.626702094	-0.075399941	1
0.814360376	1.132495865	0.565410366	-0.038019005	-1.350289504	1
0.775542212	-0.730458451	1.042668198	0.323046472	0.393704525	1
0.134972661	1.677146302	0.418422301	1.99317734	1.245732334	2
1.046897824	1.298990435	1.1381532	1.771497535	-0.564155794	2
2.022724116	-0.083557963	-0.325364094	-0.002829392	0.17355497	2
1.292364042	2.407295594	-0.182516585	0.865073723	1.803311822	2
1.284262081	0.483891511	1.109981173	0.422640492	-0.484086715	2
0.812902145	0.358744691	-0.152862911	1.136237849	2.160344125	2
0.861091483	-0.279863138	0.509752605	2.586319109	0.612124368	2
0.902218387	0.891760552	1.625099059	0.332972342	1.42274745	2
-1.655347424	0.613733101	1.605283758	2.465544347	0.041342394	2
1.373093591	0.754819836	2.265596787	0.673067592	1.630100499	2
1.939430935	0.35866459	0.126795053	0.479195855	0.966491431	2
-0.231042669	-0.611674246	1.464561549	1.428467806	2.021829693	2
-0.443865965	3.515243469	1.509514638	1.583504392	0.611388099	2
1.589143055	2.398498093	2.229589167	1.284980749	0.441569177	2
-0.430161498	0.522238897	1.064709262	-0.170008915	0.310002778	2
-0.593220759	0.72094032	1.574418277	0.443861192	2.620471714	2
1.748488544	1.401939301	2.023415409	0.375237929	0.728710935	2
0.379293252	0.920252256	0.623246613	0.581060135	-0.368418616	2
2.181018694	0.624634083	0.623109841	0.40033013	1.770529385	2
-0.22594967	1.69338761	-0.069507764	1.294025438	1.026125332	2
0.417174069	-0.07580478	0.774112358	1.745209669	0.696148351	2
1.22929221	2.763884472	1.51523809	0.857501045	1.473055514	2
1.521158361	-0.508183657	0.22599597	1.390110302	1.717436688	2
1.443636867	0.762109317	1.049921173	1.592056194	0.484860481	2
1.181632061	1.795212641	0.80770279	1.117854737	1.113501562	2
0.781987877	1.080508194	0.642899324	0.777874771	0.729906484	2
0.450506658	-0.396059326	1.455087826	0.55359806	0.472000857	2
1.455824468	1.869415834	1.799425322	0.145106316	1.400420453	2
0.633018334	1.10421744	1.947996038	0.806706878	1.60557358	2
1.399979622	0.320856288	0.037030624	1.094047506	-0.163650873	2
2.031888378	1.473227212	0.987518392	0.883784414	1.942211042	2
-1.133903604	1.434514203	1.504401434	1.149583471	1.127869658	2
2.71188017	3.130415505	0.256138069	1.091367111	0.85809929	2
0.400374875	0.850077877	2.552441656	1.542478298	-0.303162379	2
2.248901914	0.877454745	1.231278726	0.538711995	0.779011101	2
2.471969471	0.715186776	0.576710942	0.919952455	0.939812338	2
-0.393528584	-0.866385803	1.573053424	1.138670226	1.045259119	2
1.167858463	1.481738211	1.377110048	0.730789031	0.642027515	2
4.288382887	-0.459340157	1.054721303	1.251169916	1.77487799	2
0.796387211	0.737708251	0.396663468	-0.396737818	2.252856143	2
1.461328146	0.806976812	-0.465713907	1.32386123	2.034893964	2
1.313905187	1.785530999	0.309279107	1.361744012	0.831830637	2
2.202837528	-1.327698591	0.237442931	0.957277999	1.229337031	2
2.034552613	1.930379075	1.529880476	0.777424669	1.366180197	2
0.102118114	0.439036663	1.403831267	0.647046924	0.453810942	2
0.584003186	-0.19466774	0.189012945	-0.370148238	0.909217418	2
1.325607719	1.028435276	1.703057945	1.871672008	0.54481806	2
0.944593687	1.201106234	1.574489855	1.508898005	1.083365336	2
3.404888147	0.890441646	0.984559001	0.201163176	2.335515528	2
1.416135601	-0.258918462	0.079059707	-0.182502726	0.772168516	2
1.415065752	2.117653912	1.890129288	0.753322719	0.417606072	2
0.205310774	1.086979408	0.869399177	1.510487093	2.16253087	2
-0.240405894	0.234334397	0.016555751	1.582069354	1.712837467	2
1.75338993	2.164080305	1.380139249	1.459858829	0.610486958	2
0.812859138	1.305325199	1.462279104	1.608073398	0.413239448	2
1.615840435	-0.057373222	-0.311087395	2.316643914	2.190083872	2
0.211194245	1.46396797	2.567973041	-0.286101	1.004615969	2
1.849976653	-0.50027046	-0.923540557	1.302759182	1.119114068	2
-0.720424278	-0.130725113	-0.562365734	0.865482604	1.234827651	2
2.486286426	1.299743862	2.112418491	0.481363462	0.48595756	2
1.803061042	1.454511354	1.357654654	1.587280433	1.948462094	2
1.104502053	1.074227062	0.658076069	0.990787462	2.965816629	2
-0.101517627	-0.839293813	0.742863738	1.865697862	-1.103105106	2
0.622864519	1.68528018	1.671783354	0.222698005	1.15941965	2
1.241244766	2.147490286	0.428672454	0.357213014	1.791218033	2
2.145809666	2.164139315	1.95648519	1.402987105	0.391099783	2
0.019496334	0.38449137	1.462400465	0.294153363	1.036040881	2
2.228684094	0.786662927	0.988982354	1.112314407	1.150488844	2
3.626072089	0.388106821	1.196067071	0.73087363	0.497901275	2
0.530072433	1.170017223	0.479756502	1.830435473	1.61245305	2
1.444710024	1.273348011	0.342068138	1.335486218	2.029202049	2
0.376433421	0.245491756	0.561391714	0.647900118	1.149803511	2
-0.628848659	1.635751734	1.859097387	0.508813167	1.303554089	2
2.395056914	1.911887693	0.969579313	0.729914883	0.564683599	2
1.65851643	1.656824145	0.73242447	2.870985053	2.011659175	2
0.515510298	0.276945174	0.08193644	0.915937118	0.893411845	2
1.107568717	-0.176897442	-0.075072231	0.795911008	1.326228727	2
0.781985797	1.555078719	1.075561745	0.855808452	1.988740924	2
-0.386721532	2.131329248	1.938373466	2.19250732	0.813503777	2
-1.734424155	-0.449707279	1.730819756	-0.402024789	0.747612574	2
0.954968274	-0.966304305	1.226635305	1.826953598	1.060665152	2
0.561266277	2.226794669	0.872385866	0.456171	0.818488318	2
0.452945671	0.884439295	0.658600537	0.767642937	-0.078064391	2
0.197443947	1.956947935	1.383470979	1.537305741	1.439336812	2
-0.723980981	1.683773833	1.785402855	0.275773355	-0.218268065	2
0.50504288	-0.137329466	1.64979594	1.313740324	0.733090025	2
1.153151521	0.633425055	-0.792307709	0.894197233	-0.204997824	2
-0.007322243	0.146485314	0.816773646	-0.122415191	2.023876717	2
1.427375886	1.207077031	0.242160955	1.142332433	1.076329511	2
0.741201024	2.007147576	0.719350324	1.457154045	1.432586415	2
0.903751952	1.03903216	2.437721675	1.527664945	0.811270638	2
-0.355768944	-1.015885924	0.057424957	0.474154097	2.245961966	2
0.274817533	2.016607847	-0.303456212	0.962047453	0.665516316	2
1.389090637	1.045605128	1.168514092	1.49382722	1.984059497	2
0.250603994	0.508575876	0.806410598	1.384395535	1.95795099	2
1.153342445	-0.850991144	0.440719132	0.651634876	0.504372527	2
2.876404487	1.540604449	1.872372416	0.082980822	1.363819011	2
1.754455977	1.30159634	1.536852409	1.24406505	1.131089409	2
1.984132494	1.410072125	1.402010715	1.281906827	2.797206608	2
3.239205616	0.291269429	0.780393093	2.181994131	0.205605911	2
2.1150777	0.475371593	1.274259986	-0.185060011	-0.363151027	2
1.377329699	0.22804898	0.682266205	0.710002908	1.233241978	2
2.851117068	2.793373988	1.447025796	1.41668011	0.260452105	2
0.141767617	0.175963212	1.342624121	0.897653789	0.483026638	2
0.352853609	0.753376981	1.224434696	2.558388482	1.318899347	2
2.914719509	0.422126127	0.454486051	0.726972741	-0.097648644	2
1.431027785	1.856813588	0.6760339	-0.812116921	1.856767065	2
0.960056468	0.984667906	0.135017903	1.542571304	1.360620273	2
1.434655669	1.112968473	1.857841157	-0.051244405	2.169363154	2
0.74941087	1.806540854	1.064391551	2.030148808	0.788874827	2
0.722998567	1.568963932	0.51228428	1.306538389	1.778802583	2
0.633051061	1.657320559	1.624497445	0.754981866	0.074677036	2
0.474436157	-0.952683838	0.320948161	0.17693432	1.121400966	2
0.104701076	1.095862564	1.343028074	2.430721057	1.983709085	2
0.943223029	1.851940633	2.355670881	1.2882884	0.498897797	2
0.454806157	1.250285634	1.783577306	0.635406592	1.070431883	2
2.367864041	1.952971972	1.03923851	0.507514886	2.382213113	2
1.223440275	2.90885389	1.143685151	0.90553317	0.386357715	2
1.968962874	2.216649942	2.790925554	2.057820999	0.157068131	2
0.867345109	-0.012346513	0.731742853	2.449621725	1.800928038	2
0.922633831	0.254127034	1.156864183	1.008802457	0.965139995	2
2.193677678	1.024467686	1.323350194	1.361192778	0.104016532	2
2.39317368	0.584051444	1.775019703	1.28702908	0.270786936	2
1.03125044	0.933349371	1.17164537	-0.272477885	1.249119311	2
2.605625749	2.269205467	1.523118206	1.176265574	1.255313707	2
1.451315738	0.578190155	1.235376747	0.620534392	0.690277231	2
1.349618463	0.784729879	3.216033945	0.725456045	1.201994612	2
3.079514476	1.028899148	1.816886935	0.942640544	1.493939776	2
2.45687881	1.760982971	0.426752692	-1.208731205	0.340263639	2
1.860702613	2.01654887	0.149777442	0.446863212	0.735559548	2
1.381616947	0.909650141	-0.332102365	1.557957781	0.399212518	2
0.489245988	0.661619752	2.461863477	1.113009506	2.12656259	2
0.890696991	1.81706857	0.414965195	0.600483899	-0.070121941	2
2.728501022	1.834472382	1.994623712	0.809214703	2.383989422	2
-0.917769603	1.220517395	1.387475425	0.14227405	0.490662231	2
0.395710122	3.833875358	0.049297762	0.481419468	1.030523735	2
0.820885535	1.008254821	2.668752322	0.586476545	1.802197733	2
1.140666056	1.31874797	1.501515195	0.877112435	1.625718328	2
-0.692337203	0.737770795	2.404541377	1.452511336	0.724402231	2
1.501917546	1.603270237	1.377208493	1.014144452	1.763907961	2
1.692284429	0.610619267	1.131348302	0.946791533	0.009963813	2
0.1081097	1.795940333	0.213403589	0.333211859	2.136763521	2
0.754018802	2.597266704	1.211968381	1.789148221	2.030772657	2
-0.151269715	0.947833508	1.058675056	1.161107938	1.011521883	2
2.541183136	1.110556948	-0.18137961	1.440098947	1.354125194	2
1.354344983	0.538904974	0.94410254	1.165897165	1.816005457	2
0.761983145	0.552927964	1.071621165	1.613531315	0.734759143	2
0.122035443	-0.610621051	0.172824974	2.102170779	1.441158296	2
1.093597407	0.962685878	1.339549401	0.67532215	1.567198571	2
2.597848154	0.39473402	-0.009247966	1.413152642	1.312857463	2
1.261133995	2.144490342	0.672874839	1.544962402	-0.14596969	2
1.335159734	1.175657527	1.122476931	1.005916404	0.727147729	2
-0.138776248	0.922260193	0.441435171	2.442982016	-0.621312905	2
1.1576035	2.25969763	1.506798545	0.282791595	0.690735585	2
1.736331702	-0.495305908	0.551618689	0.597319735	0.294974255	2
-0.310544694	1.14718074	0.23830278	1.020061637	0.906517011	2
2.070379462	0.179307974	1.718521642	1.041738562	1.313602716	2
3.338921357	0.688443411	1.558483561	0.878854704	1.70580703	2
-0.477970045	1.06532671	1.418572374	0.61270231	0.862466771	2
-0.96059427	1.574153877	1.553303086	1.62619832	1.057112894	2
0.931126859	0.249264279	1.743215301	0.955412659	1.83571517	2
1.720156345	1.57132042	1.919465935	0.422864801	2.092302202	2
0.922526586	2.286742502	1.178675618	2.353521758	1.254783123	2
0.849659036	0.22381644	0.527810473	1.676247524	1.718779202	2
1.006164579	0.119487426	0.803201452	2.130085082	0.404775047	2
-0.00997564	0.87738913	1.967841001	0.98167561	2.32404104	2
-0.559554774	1.383534598	-0.012048486	2.436088475	0.479075285	2
2.500389907	1.168041585	0.616083276	1.733583808	0.393009486	2
1.277598148	0.305787587	1.792687913	-0.38813883	1.399786968	2
-0.126664423	0.977088435	1.650310285	0.015310589	0.911297733	2
2.020723212	1.297330872	0.668321946	1.468404447	-0.300254211	2
-0.230794769	0.468387817	0.713064414	0.869660714	1.872864184	2
0.884478617	-0.00804817	0.745406586	0.86057266	1.551101943	2
1.702757587	1.464766582	0.857250324	1.850399539	2.418582271	2
0.20242523	0.926558606	-1.065991922	2.250304017	1.258956117	2
0.668462885	0.640760822	0.589075039	1.279451822	1.5838893	2
1.028111342	0.442462034	1.19040416	1.092772069	0.030214167	2
2.852184093	0.761412497	3.080092974	2.822498462	2.641333942	2
1.435467958	0.278149405	-0.279367415	0.954457507	2.955774366	2
0.621179441	0.034104146	0.342002465	0.609273139	0.638244046	2
0.786181353	2.100191232	0.803429772	0.55233469	0.425670191	2
0.734100253	0.755994122	0.179158418	0.400937884	1.801509283	2
2.239667768	-0.397974766	0.326998165	1.042519652	0.024192095	2
0.730218059	0.536371521	-0.660563161	0.27917142	1.076999267	2
0.248917481	1.858373565	0.97792285	-0.435754222	0.854477523	2
1.22827112	0.547378236	0.526028535	-0.010420046	1.645740549	2
0.910210936	2.568644403	1.627074144	1.381933164	-0.593529159	2
1.75252849	0.391250228	1.006463709	1.84670185	1.122509685	2
1.910204256	0.432348532	1.853210993	1.957282052	1.252086982	2
2.031316287	0.196967657	2.289733377	2.824701103	-0.41961414	2
1.613958151	2.101932163	1.258782598	0.200636018	0.872989243	2
1.600089782	0.551429817	-0.053691803	2.032527507	1.543344878	2
2.805606459	1.571268489	1.346869371	1.116620659	-0.033352054	2
-0.100496852	-0.586132468	1.921648725	0.608889731	0.702449935	2
0.670513503	0.454743387	0.841729806	0.649356693	1.137313667	2
-0.60807953	1.406850555	1.301789655	1.67368374	0.584727631	2
1.872206199	-0.040333438	0.11200494	1.476966393	2.305221744	2
1.020426306	1.046789479	2.256372941	-0.365597332	1.61279958	2
0.716020825	1.455535052	1.376989447	1.805734576	0.553614089	2
-0.632698986	2.398195009	0.7487848	1.629325037	1.313677925	2
1.174018752	1.58874531	-0.308590546	0.799950379	1.93878149	2
0.753596308	1.813478236	0.517481418	0.240267264	1.194602062	2
-0.285265646	0.542545484	0.040212201	0.348063504	1.415741473	2
-0.098045894	0.363892859	0.469513824	-0.002449528	1.478191787	2
0.277116267	0.969838856	1.253071476	0.953229286	1.612792123	2
0.762544962	0.180172096	1.578688125	0.69288376	-0.129772198	2
-0.564154002	1.822828137	1.161311494	0.749470839	0.434363074	2
0.827348541	1.669903096	1.142236371	1.18467515	0.725810127	2
1.584092192	1.919782133	1.445052407	0.809760014	-0.31246872	2
0.64265541	2.080116099	3.311593049	-0.24227803	-0.168058485	2
0.337785598	0.830568025	1.227288759	0.526584208	1.277354858	2
1.28851587	0.519429348	1.071244127	0.59274947	1.279198936	2
2.044576129	1.58292783	2.420687349	-0.262020158	1.766829004	2
0.576310477	1.976087275	1.173116598	1.700779572	1.348124037	2
0.557237885	1.713211314	0.509310963	-0.682798254	0.312841085	2
-0.362139068	1.688506485	1.796665964	1.334151634	1.010374758	2
0.072457058	2.234675948	0.812216482	0.774172089	0.412374023	2
1.574802087	1.32618434	1.230718269	0.740922037	1.73026001	2
0.892177851	2.057491643	1.847755933	1.540585106	-0.214960461	2
1.725326774	1.070070488	1.708179262	0.797362899	1.725713498	2
1.635520527	1.771843005	-0.20862468	0.821953725	1.420688456	2
1.356499709	-0.207042457	-1.085693437	0.257609593	1.578262519	2
1.72731072	2.450501912	0.62323494	1.903925547	0.579016784	2
2.445292294	-0.415873829	2.259669212	1.797322949	1.181999245	2
1.547223479	1.243465548	1.246956768	1.552189923	0.99520352	2
1.404113486	0.737399875	0.859955499	1.410056956	-0.253958323	2
0.959272105	-0.03392713	0.745392124	1.534849476	1.396787247	2
-0.178514171	1.167332976	1.830044621	1.538746455	1.390227094	2
0.520960783	1.241869771	1.282421873	1.307642551	0.393206594	2
1.309129696	2.287775675	1.561295267	1.533487031	2.089780533	2
-0.054388791	1.004406542	-0.775378019	0.3883078	-0.519994999	2
1.444158649	1.562396904	0.94196081	1.040617837	0.672882628	2
1.306057447	1.249915716	1.05874314	1.437929318	0.695677404	2
1.094888667	2.314120127	0.449058844	0.452711771	0.410224558	2
1.285965952	2.035925468	1.117095583	1.02911059	0.472041682	2
1.022601087	1.011973307	0.503549151	0.843432478	1.394390928	2
0.979077042	1.108107687	1.732511194	1.980225338	0.310307194	2
0.991691499	2.5795572	0.716003889	1.389485113	1.102086929	2
1.881758559	0.885275299	2.10405852	1.888092535	0.687780059	2
0.914208376	1.752531511	1.051148847	1.496217428	0.925055455	2
-1.505610896	-0.058550809	1.509079923	1.725793465	2.601530549	2
0.538797622	0.271999277	2.785675677	0.94761894	0.543201761	2
1.185913107	1.786975581	1.157417318	1.111856638	1.764064592	2
1.910472429	1.676984454	2.357337307	0.577396141	1.052953774	2
2.309490685	2.085290354	0.297044669	1.328472672	1.063669577	2
0.106849171	0.338364118	2.393145606	3.383208607	-0.521799321	2
1.721822863	1.98437481	0.147526037	1.087471835	1.874882718	2
1.225711155	1.1777824	0.97666357	0.971853144	1.133635019	2
0.802319579	0.9358693	0.71328379	1.652149144	0.652430244	2
1.023469665	2.502896904	0.229189167	-0.198831775	1.018751548	2
0.973350439	2.273413482	0.06800453	1.874707628	0.955760169	2
1.133156361	-0.98459948	1.303367898	0.315143866	2.469615972	2
1.225394043	1.34167535	-0.100110101	1.423159659	0.086876467	2
0.36291294	0.174032962	-0.236156084	1.15571947	0.500674695	2
0.008625936	0.623787839	1.848003453	0.942955899	1.210426488	2
1.916206683	0.538464838	0.984863484	0.452679445	2.528846133	2
0.791520659	2.419686957	1.475607794	1.358476005	1.260976086	2
2.341946543	2.251416431	0.460036434	1.906590456	1.990167802	2
0.123239555	1.395779115	0.847350686	1.515868189	1.646400935	2
0.436348527	1.562143486	1.297691613	2.088042169	1.646932263	2
2.348340283	1.556753595	1.26231337	-0.03194896	2.068032415	2
2.335373865	1.755885468	2.627804708	1.094456348	2.960633161	2
0.02380417	1.114727737	0.455622122	-0.07417843	1.07898713	2
1.195914705	0.863222181	0.867705621	1.086449371	0.757489997	2
2.272289897	1.592324668	1.813911468	1.474384663	1.202069678	2
2.264325955	0.865230071	1.822496993	0.44707074	0.743222709	2
-0.218958145	0.514282851	-0.744304271	1.91770787	-0.939335614	2
2.535326178	0.931011596	0.7320598	0.653351386	0.899231034	2
1.627690392	0.991466672	0.465048193	1.480892322	1.154979992	2
1.215679773	1.031095974	0.999567402	0.735585881	0.687618165	2
0.785999692	3.2249483	1.683992621	0.469564836	0.855852672	2
0.08357816	-0.188302005	1.187424429	0.3937449	1.982776809	2
1.090141858	0.058093118	1.83593747	-0.119151611	1.021122948	2
0.756442164	1.191485873	1.38340267	2.185311044	1.019106036	2
3.191583081	1.198556412	1.377620599	-0.839566372	0.412534694	2
1.180306484	0.371518523	1.715516895	0.010308274	0.496899608	2
0.835494527	1.272149674	1.380649214	-0.524072013	0.87531458	2
0.98669109	1.667323374	-0.017711182	-0.051184639	1.078030649	2
0.418705396	-0.089317044	0.93598126	-1.194074418	1.225611049	2
2.965482004	0.856121752	-0.304617225	1.467990092	2.380654092	2
1.60433411	-0.076762753	1.816485888	1.04142243	2.123928113	2
1.071050623	1.082127728	-0.732897085	0.162884194	-0.042013789	2
2.065624825	1.263888343	0.621243635	0.009154664	2.446665028	2
0.968572079	1.602766892	1.148901056	-0.004962881	0.158531998	2
0.907268384	0.024791102	0.847677758	0.759956454	3.117937827	2
0.471944003	1.205558109	2.561737565	-0.532342685	1.133263337	2
0.416086373	0.807835151	0.998254489	1.300000128	0.634287925	2
2.522212831	2.405459889	0.724154226	0.979758124	-0.650664629	2
1.729058783	1.353457761	1.559287912	0.7693827	0.678556694	2
1.082472334	0.532039715	-0.051935169	1.471343484	2.284285517	2
2.616897049	0.976318944	1.517127371	1.309917538	0.681447767	2
1.022421044	0.52622339	1.152048215	0.728130515	0.605633744	2
1.275158779	2.308703506	0.843028687	1.050791161	-0.066542446	2
-0.347034662	0.396373717	0.355642704	0.844064681	-0.015829833	2
1.450884085	-0.377083649	-0.131763676	0.469346546	0.46126755	2
-0.373047398	0.668696299	-0.653425573	1.78746161	1.292669792	2
0.062435277	1.911479208	0.718341509	1.923692277	-0.683869658	2
1.900660497	1.689204662	1.764278383	1.105028276	1.59049737	2
1.333200319	1.182761035	0.444685107	0.201757448	0.57338617	2
0.172481041	2.493840219	2.456273254	0.141787011	1.685795952	2
0.622303402	0.436031802	0.180824097	1.156089913	0.978188224	2
1.243276439	1.257105255	2.814094843	0.84915454	0.650169199	2
1.208734472	0.248835271	0.345629569	0.34394444	1.377887603	2
-0.623615096	0.119775449	0.908255629	1.052311312	1.391600065	2
-0.143879859	0.567061687	2.088285763	0.080061044	2.655875044	2
-0.681933569	1.388328219	1.996925419	1.263959715	-0.073471117	2
0.93122839	2.816822115	0.587119708	-0.207686517	0.410057369	2
-0.63279291	1.52819397	1.605933771	-0.904034778	-0.078249147	2
1.665863	0.122660018	0.000187252	0.809766079	0.49322417	2
0.046129307	0.711796457	-0.487608672	0.180370329	0.523443839	2
-0.049648646	0.390919238	1.430305288	2.16371624	0.651231482	2
2.698674275	0.928551233	-0.369268537	2.059034664	0.639680454	2
3.051417733	2.276210472	-0.531287426	0.552292748	0.58754088	2
0.222765103	1.248840664	0.947218387	0.241018761	0.776689618	2
0.964851673	1.876805197	2.251113751	0.879664796	1.385318868	2
2.862269102	1.742901236	2.176221584	0.833527275	1.967217196	2
0.487458317	0.238814091	-0.350985904	2.014423989	0.693735417	2
2.629367163	2.007787966	1.220375041	0.786087409	2.557159094	2
1.777738424	-0.112991669	1.564554484	1.939310143	1.746310253	2
1.052671688	1.716220762	1.894515994	1.994249154	2.076237402	2
0.664995892	1.495371785	2.337749987	2.985870471	0.265651818	2
2.60626245	2.155868123	2.519980935	0.796208624	-0.4825983	2
1.674561643	-0.186055121	1.59569604	0.636146068	1.24624678	2
0.399707422	0.752432433	-0.234759898	2.250409988	1.306001793	2
1.372572964	1.057307278	1.055484732	0.438101524	-0.434701694	2
0.167092526	0.996586289	-0.178444972	-0.449237681	-0.306139987	2
1.141302041	1.794075057	2.122265342	1.112744146	1.32734378	2
2.453267164	1.783826642	2.598031981	1.468667103	1.924936179	2
1.504555088	1.635178284	-0.560276839	0.702888298	2.126902331	2
0.279316495	1.078493706	1.670904455	0.733105709	0.226758291	2
1.330126742	2.525303421	0.912633575	-0.020656309	1.507971478	2
0.338006233	0.637695485	0.532805663	2.302191551	1.537734894	2
2.915690199	1.302693383	0.380828671	1.18242142	0.9939038	2
-0.70165279	0.298712791	1.890514446	0.552418478	0.086942815	2
0.3743362	0.875832891	1.276065688	1.303536745	0.081776841	2
1.731864897	1.725781145	1.019367195	1.674024715	1.662217855	2
0.221756103	-0.176589405	1.171821326	0.155425895	-0.46316787	2
1.016970219	1.171469023	1.860395493	1.19900923	0.772084007	2
1.620946635	0.41633267	0.236226997	0.608243103	1.089201126	2
2.193157814	1.832811628	0.491963427	2.303513501	1.977665255	2
0.120494697	-0.843363859	1.312371093	1.078025082	0.658123065	2
0.838839895	-0.754791891	2.096364258	0.11910114	-0.221493131	2
0.552532189	2.392969401	2.183255166	0.961928431	1.328592747	2
0.891628597	0.855244705	0.882348225	1.339731038	0.404172029	2
1.350526044	-0.70925693	-0.292790286	2.566844676	2.488359384	2
0.413130017	-0.562825281	-1.152208062	0.936413947	0.212759584	2
1.759055855	1.007136202	0.265547221	1.438652027	1.155659277	2
1.404799418	1.317996248	1.990682163	1.967113065	2.757866521	2
0.551907701	1.250018013	0.556210753	1.379366537	1.891187805	2
1.261790845	1.976783736	1.362987123	0.359906298	0.992365799	2
1.93371981	1.399463363	1.263499892	0.907089894	1.415848707	2
1.942144439	1.039414964	-0.779801229	0.465871673	2.981979056	2
1.633918834	2.00104694	2.182767807	1.607251948	2.228505747	2
0.93833708	2.821818583	2.892360571	2.272690268	-0.011590425	2
0.411722783	0.958344743	0.937942054	0.969696144	1.147554753	2
1.212603975	0.809990394	1.81326275	1.836279239	1.922171921	2
0.557784377	1.873232538	0.458632874	0.456490599	-0.289662346	2
0.684954723	0.514480419	1.422290142	1.11817619	1.236134245	2
1.877356361	-0.219778711	2.64949022	0.896230077	0.935271043	2
2.372768943	1.057947939	2.151312894	2.316392769	1.305821807	2
1.565255969	1.280648218	0.477791118	1.230770692	0.339739227	2
2.947903483	1.345926242	0.279275608	1.619616631	-0.492270219	2
-0.450774258	-0.154274091	0.844501611	0.682450722	0.05564929	2
1.021523324	0.472191837	0.741421825	0.493615156	2.537034053	2
1.090395108	0.406526483	0.880811915	1.292554569	0.887345253	2
2.531674168	2.018459815	2.239379661	0.445580444	0.232675663	2
1.475549486	0.936662553	1.195657821	-0.041262937	2.197672794	2
0.692778201	1.542661251	2.430129572	0.806072157	1.785532072	2
1.525776042	1.59001713	1.057272367	2.260213633	0.336777655	2
1.609475376	0.896741614	0.903044944	0.703421813	1.890363538	2
1.173253396	-0.740083695	1.455928909	1.151129403	1.900344863	2
-0.923432974	1.108644882	1.284773952	0.51373421	0.3285361	2
1.970579802	1.733086132	0.954933497	-0.555155552	1.424415838	2
-2.312367407	-0.036493044	-0.579359972	0.879518496	0.623521116	2
1.103870988	0.996515222	0.079385085	2.289908041	2.07864384	2
-0.47172226	0.444191752	1.382153568	0.71440628	-0.083585995	2
0.663112208	2.473683679	1.612289401	0.147598972	0.667150208	2
2.326788123	1.120269499	-0.145251739	0.232597331	1.662916476	2
0.512874884	1.126993549	1.093928802	1.277488336	0.942506592	2
2.818796307	0.27142954	1.428039626	0.704911208	1.47391297	2
1.738465101	0.42890001	-0.010505894	1.739020687	2.459183323	2
0.766192153	-0.230869644	0.016041142	0.734067239	0.596662582	2
0.142834611	1.551884866	2.018758466	-0.59405078	0.048629661	2
0.52954581	1.487027138	-0.413984787	0.626151653	2.287515458	2
1.355276949	0.303796964	1.30147913	1.55123041	0.642221575	2
-1.24888421	3.314912807	1.99214357	1.821889427	1.336401827	2
1.583499054	1.881203943	-0.353368423	1.989378349	0.555869685	2
1.265123761	1.389877655	0.950055353	1.785722847	-0.276126439	2
1.776843633	2.788259326	0.273580021	1.862408791	0.273903028	2
2.942435259	-0.965301257	0.921298795	2.461410227	2.113992018	2
0.692869141	0.884992359	0.623616261	2.17013156	0.681994863	2
0.069775904	0.874721094	-0.421606869	1.08129192	0.853632648	2
2.119099235	1.30192639	1.595233734	0.672963307	1.261051447	2
1.848675717	0.172072268	1.430481464	0.793675959	1.969301184	2
0.864404105	1.455114327	0.53656622	1.538752659	1.149191118	2
0.436984421	-1.031789283	1.170154701	1.88866352	0.765039981	2
1.236143589	1.121644783	-0.088823476	0.788634207	0.274523563	2
-0.07180564	1.270747268	-0.035506988	2.130462631	1.511385592	2
1.062702857	0.970556879	0.04384544	0.416276114	-0.773783853	2
0.394811592	1.256334131	0.914571045	0.631563848	0.006362614	2
0.22273652	0.235325614	0.441474177	0.657415952	1.576488337	2
1.918281339	1.590115321	2.692385893	0.557876707	1.395604688	2
1.028791599	0.670448115	0.902873125	1.664819982	-0.054030032	2
2.281762706	-0.331237227	1.360097653	0.861880006	1.428091749	2
-0.030625118	0.609942862	1.385201753	2.415199811	1.425250911	2
1.22793543	0.47469637	1.254612401	0.995437399	0.002450107	2
0.007505294	-0.02031311	0.99467434	2.405418348	0.955097767	2
1.586967096	1.513755301	2.116658876	-0.83194795	2.30703403	2
2.238064156	1.173510668	0.108927652	1.284732029	0.600947441	2
1.970968895	0.881635527	2.381187069	1.268927655	-0.099848748	2
-1.006828	0.29052326	1.39868544	2.455752904	1.152670603	2
1.64674479	2.561001509	0.262202708	1.227186135	0.571118627	2
1.008262344	2.042772358	2.044620503	2.422819636	0.778912933	2
1.317119524	0.867312345	1.976913768	2.4917681	1.399527056	2
0.480678654	1.019190945	2.394363738	0.5447522	0.949669929	2
-0.566261272	2.169418038	0.725715404	0.065649082	0.662759778	2
1.846978072	2.686881279	2.595471269	1.751950686	0.220602616	2
0.518964869	1.925892794	1.308725554	0.386016405	0.314532229	2
0.687132645	0.675821149	-0.264086793	0.835305347	0.117442301	2
1.159714437	0.500093232	0.304075578	0.534167104	0.46262774	2
3.406562898	1.934951282	1.983418656	1.165338951	2.524923441	2
3.175925306	0.47460569	2.513969061	1.528855869	1.159565724	2
-0.250991588	-0.090144515	-0.163255528	1.477915662	0.511503461	2
0.550196297	0.634502556	0.845161608	1.085601582	0.882961516	2
1.936712806	1.953085866	0.609747701	0.293952168	1.206645492	2
-0.966645553	0.922956863	2.464474928	0.34218456	1.207623266	2
2.180186802	1.348687753	0.349477037	1.23917465	1.284214324	2
0.700937475	1.96576694	2.205736782	-0.647369498	1.889606289	2
2.327486846	1.355893688	0.581426422	0.112786929	0.69776178	2
0.165271216	-0.104012202	1.475804863	-0.237191263	1.23128969	2
0.124865789	1.650705528	-0.055823251	0.716847514	0.47146451	2
3.195635375	1.667043529	2.415160002	1.464145436	-0.494353522	2
1.557838306	0.983474827	-0.802852217	2.795857897	0.565729597	2
0.706128619	0.600491785	1.206861177	0.988535775	2.175948701	2
0.020044166	0.407420298	1.236326723	0.149719066	0.658312729	2
2.046730413	1.094980781	0.375894177	0.655221464	1.846962272	2
1.324553029	0.325049882	0.132488334	1.326196324	1.492623355	2
-1.147812557	0.306429662	1.330876561	1.745041763	0.496603541	2
0.143067832	-0.415671089	-0.063880597	0.57500433	2.5378925	2
3.81761686	0.852413835	1.07799915	1.048094267	1.750029277	2
0.988837512	0.38303772	-1.409664625	1.846415611	1.74454028	2
-0.896929318	1.302297018	-0.76748701	1.100419683	0.218330539	2
0.157554706	2.198688145	1.070844091	1.071701758	0.482288851	2
0.601645609	1.875450011	2.013866017	0.778322426	1.559455346	2
1.658934886	2.002997508	-0.218199638	0.704594232	2.008632062	2
0.845599237	1.583450624	1.625398039	1.842506836	1.022720223	2
1.096364063	1.496189266	1.47287325	0.611694762	2.434831672	2
0.983057976	1.664253123	0.591437636	0.966148724	0.90265757	2
0.088953727	0.250533911	0.851965866	0.164706821	1.548757363	2
2.112621128	1.863670127	2.965255058	1.552918315	1.066864176	2
0.653471906	-0.103048641	-0.306658561	1.132774689	1.879134049	2
0.560370061	1.500743225	1.438990691	1.353992081	0.749971835	2
1.18498335	0.281209652	1.093657335	0.970814612	0.95925031	2
0.936488971	0.130955383	1.160026539	0.411456122	-0.297759858	2
0.50523307	0.54222025	0.91941952	0.913793304	1.235350272	2
1.12057742	-0.143659724	1.101224292	-0.011326548	1.019263373	2
3.004585335	1.236920427	0.904905301	0.777778882	1.453482302	2
1.513504335	2.043537047	-0.255895528	2.784642684	1.354521244	2
0.378531542	0.709455511	0.455274981	2.263392433	0.464666216	2
0.175092619	1.348622927	1.201046812	1.667807954	1.579992266	2
0.77336156	1.118738708	1.218965713	1.342412259	3.195888154	2
-0.495112849	1.910208687	1.545743201	1.642824332	0.498672125	2
2.732059696	1.051836101	2.918795198	1.381658242	1.824101515	2
1.193785145	1.28174685	-0.328032878	1.697670753	0.534167291	2
-0.103694157	3.069176865	1.764599469	1.971639088	0.316636827	2
1.114420521	2.030791545	1.240733145	0.237998761	0.062945507	2
-0.369441772	0.01840579	0.79316025	0.802322711	1.440817885	2
1.552461968	2.055977441	0.575706937	0.999654093	1.051057236	2
0.827846742	0.159979056	0.786543795	0.54555116	1.693903174	2
1.039853978	1.013227524	1.566743331	0.245566916	0.823081281	2
1.343273411	1.295155445	1.402831015	2.006394971	0.062693056	2
1.809904803	1.862721058	-0.192310867	1.519661961	0.864323397	2
0.231782811	0.561796928	1.665603071	0.28857026	0.906640828	2
-0.391766467	1.323081425	1.18651938	0.170338992	1.48396213	2
0.901435375	2.560918191	2.75150588	1.402127223	0.051742853	2
0.219315809	-0.779183357	-0.167259657	0.388986643	-0.616607218	2
1.403172771	0.088435566	0.309909409	0.045567751	1.329172094	2
-0.759508087	1.86583864	-0.421850043	0.757878145	0.335409153	2
1.814515847	0.829418454	1.016986147	0.358646437	0.57165252	2
1.290670539	0.998387418	1.836267451	1.683256566	1.492175657	2
-0.054520069	1.703464401	0.642977891	2.77016108	1.076265461	2
0.699039026	2.941069847	0.789745114	-0.288871306	1.135138496	2
1.794866306	-0.068017437	0.661687415	1.633690598	1.989317337	2
3.301947113	0.448411533	0.898262671	1.356583757	1.906325125	2
0.66692731	0.894156724	1.820931279	0.359802412	0.985650274	2
2.311044115	1.146124945	1.086054085	1.773584038	0.594118154	2
0.183510538	1.00418733	0.566265088	0.286814622	-0.03090292	2
1.196273537	0.744278993	1.503316291	-0.445507625	1.218344109	2
0.803150836	2.061410946	-0.011275045	0.123219711	2.917604448	2
1.322796166	0.227999112	1.416997784	1.448457287	1.879028196	2
0.527449327	1.128665228	0.824414884	1.306895095	1.195509279	2
-0.34845338	1.729259762	2.802152372	1.80898059	0.131730956	2
0.743121083	1.304707975	0.488277418	1.368424686	-0.013050645	2
1.417101049	0.493775687	1.307838828	1.980634209	0.583259578	2
0.519829857	1.053724005	1.083758967	-0.557169346	-2.179565078	2
0.825111911	0.698658674	0.061433388	0.73226672	1.323286231	2
1.381369747	0.509738712	1.6825323	0.733148097	2.029527289	2
1.511556826	2.258703067	-0.671501926	0.94860801	1.106155804	2
0.304052367	0.747105226	-0.671452053	1.766965955	0.724219543	2
0.745399976	0.458333135	-0.160211688	0.432862566	2.08765772	2
